// src/data/tabla.ts

export const diametros = [
  1.5, 2, 2.5, 3, 3.5, 4, 4.5, 5, 5.5, 6, 6.5, 7, 7.5, 8, 8.5, 9, 9.5, 10, 10.5,
  11, 11.5, 12, 12.5, 13, 13.5, 14, 14.5, 15,
];

export const anchos = [
  1.5, 2, 2.5, 3, 3.5, 4, 4.5, 5, 5.5, 6, 6.5, 7, 7.5, 8, 8.5, 9, 9.5, 10, 10.5,
  11, 11.5, 12, 12.5, 13, 13.5, 14, 14.5, 15,
];

export const precios = [
    [
        352.03, 377.29, 391.91, 421.42, 432.76, 461.41, 471.37, 497.91, 587.52,
        587.52, 580.55, 604.88, 629.11, 650.17, 673.8, 693.2, 734.9, 761.7, 784.8,
        802.6, 828, 850.2, 870.5, 894.1, 918.2, 940.2, 960.9, 988.7,
    ],
    [
        377.29, 402.55, 421.42, 446.01, 480.49, 507.55, 522.88, 574.4, 587.52,
        642.9, 656.54, 685.42, 698.34, 743.49, 764.9, 790.4, 824.2, 853.9, 878.2,
        921.2, 946.5, 973.2, 999.1, 1030.1, 1054.8, 1085.7, 1111.6, 1145.2,
    ],
    [
        391.91, 421.42, 446.01, 496.86, 534.59, 560.05, 574.4, 621.22, 664.42,
        693.65, 705.18, 752.29, 797.67, 814.22, 857.6, 911.4, 937.2, 947.6, 998.4,
        1017.7, 1045.7, 1072.4, 1104, 1133.5, 1160.6, 1197.3, 1224.2, 1262.2,
    ],
    [
        421.42, 446.01, 496.86, 528, 560.05, 609.38, 652.44, 675.85, 713.64, 761.32,
        805.49, 822.2, 863.89, 909.04, 927.7, 978.6, 996.7, 1041.3, 1074, 1120,
        1148, 1180.5, 1213.3, 1247.3, 1275.2, 1307.5, 1339.7, 1374.8,
    ],
    [
        432.76, 480.49, 534.59, 560.05, 607.78, 665.07, 703.94, 747.65, 787.46,
        813.62, 872.36, 898.19, 934.62, 985.79, 1027.9, 1075.7, 1088.9, 1138,
        1186.8, 1232.8, 1266.5, 1300.5, 1334.5, 1374.4, 1407.4, 1447.1, 1480.1,
        1525.5,
    ],
    [
        461.41, 507.55, 560.05, 609.38, 665.07, 717.56, 749.21, 799.15, 832.07,
        882.83, 919.47, 966.58, 1008.37, 1053.52, 1096.6, 1142.9, 1170.8, 1236.2,
        1277.3, 1327.7, 1359.8, 1399.8, 1436.5, 1477.9, 1513.2, 1557.3, 1594.2,
        1638.1,
    ],
    [
        471.37, 522.88, 574.4, 652.44, 703.94, 749.21, 799.15, 844.42, 882.83,
        955.11, 995.46, 1063.85, 1104.69, 1151.35, 1195.2, 1240.1, 1282.3, 1331.4,
        1373.7, 1441.9, 1481.2, 1519.7, 1562.1, 1610.9, 1645.4, 1693.9, 1737.5,
        1806.3,
    ],
    [
        497.91, 574.4, 621.22, 675.85, 747.65, 799.15, 844.42, 924.02, 955.11,
        1030.47, 1063.85, 1144.4, 1178.44, 1226.6, 1286.4, 1337.2, 1374.6, 1446,
        1483.5, 1536.9, 1579, 1635.3, 1681.8, 1730.6, 1776.2, 1824.6, 1889.6,
        1962.8,
    ],
    [
        587.52, 587.52, 664.42, 713.64, 787.46, 832.07, 882.83, 955.11, 1030.47,
        1076.61, 1144.4, 1215.83, 1249.18, 1318.4, 1344.6, 1431.3, 1465.3, 1542.7,
        1581.4, 1658.5, 1707.9, 1765.6, 1810.4, 1874, 1924.5, 1987.7, 2040.3, 2109,
    ],
    [
        587.52, 642.9, 693.65, 761.32, 813.62, 882.83, 955.11, 1030.47, 1076.61,
        1158.13, 1211.26, 1282.7, 1318.4, 1390.65, 1402.9, 1479.1, 1569.5, 1636.4,
        1673.3, 1743.1, 1743.4, 1856, 1910.9, 1965.6, 2014.2, 2083.2, 2135.4,
        2204.1,
    ],
    [
        580.55, 656.54, 705.18, 805.49, 872.36, 919.47, 995.46, 1063.85, 1144.4,
        1211.26, 1252.31, 1361.73, 1413.23, 1483.96, 1494, 1600.1, 1661.7, 1730.1,
        1797.9, 1869.2, 1936, 2007.1, 2079.4, 2157.7, 2225.7, 2310.9, 2388.4,
        2477.6,
    ],
    [
        604.88, 685.42, 752.29, 822.2, 898.19, 966.58, 1063.85, 1144.4, 1215.83,
        1282.7, 1361.73, 1427.08, 1492.99, 1560.71, 1576.2, 1685.3, 1739, 1822.4,
        1884, 1964.1, 2047.8, 2116.7, 2194.7, 2283.3, 2357.9, 2450.5, 2463, 2632.6,
    ],
    [
        629.11, 698.34, 797.67, 863.89, 934.62, 1008.37, 1104.69, 1178.44, 1249.18,
        1318.4, 1413.23, 1492.99, 1560.71, 1632.96, 1670.3, 1788.4, 1849.1, 1928,
        1987.8, 2081.3, 2159.6, 2244.1, 2329.2, 2423.7, 2503.4, 2603.3, 2692.6,
        2800.8,
    ],
    [
        650.17, 743.49, 814.12, 909.04, 985.79, 1053.52, 1151.35, 1226.6, 1318.4,
        1390.65, 1483.96, 1560.71, 1632.96, 1730.78, 1788.4, 1882.5, 1941.4, 2018.7,
        2105, 2173.3, 2255.9, 2347, 2432.6, 2533.1, 2618, 2719.3, 2822.8, 2925.2,
    ],
    [
        673.81, 764.94, 857.58, 927.66, 1027.9, 1096.62, 1195.23, 1286.36, 1344.63,
        1402.9, 1494.03, 1576.21, 1670.33, 1788.35, 1882.5, 1949.7, 2075.2, 2111,
        2201.5, 2293.4, 2384.8, 2476.6, 2571.5, 2675, 2761.9, 2872.1, 2976.3,
        3093.3,
    ],
    [
        693.23, 790.35, 911.36, 978.59, 1075.7, 1142.94, 1240.05, 1337.16, 1431.29,
        1479.09, 1600.11, 1685.27, 1788.35, 1882.48, 1949.7, 2048.3, 2137.7, 2231.5,
        2291.9, 2383.9, 2473.7, 2574.4, 2672, 2778.4, 2872.1, 2982.3, 3091.9,
        3217.7,
    ],
    [
        734.89, 824.15, 937.21, 996.71, 1088.94, 1170.76, 1282.33, 1374.57, 1465.32,
        1569.45, 1661.68, 1739.04, 1849.13, 1941.36, 2075.2, 2137.7, 2231.5, 2299.9,
        2382.4, 2507, 2599.6, 2704.7, 2808, 2920.3, 3019, 3141, 3246.9, 3382.9,
    ],
    [
        761.66, 853.9, 947.62, 1041.34, 1138.04, 1236.22, 1331.43, 1445.97, 1542.67,
        1636.39, 1730.12, 1822.35, 1927.97, 2018.71, 2111, 2231.5, 2299.9, 2332.6,
        2432.9, 2544.1, 2651.4, 2740.3, 2896.7, 2955.8, 3070.5, 3164.5, 3286.4,
        3460.5,
    ],
    [
        784.75, 878.2, 998.37, 1074.02, 1186.76, 1277.15, 1373.68, 1483.45, 1581.36,
        1673.34, 1797.94, 1883.99, 1987.83, 2105.02, 2201.5, 2291.9, 2382.4, 2432.9,
        2455.1, 2566.4, 2670.7, 2764, 2917.4, 2980.9, 3092.5, 3188, 3308.3, 3480.9,
    ],
    [
        802.55, 921.22, 1017.65, 1120.01, 1232.75, 1327.69, 1441.91, 1536.86,
        1658.51, 1743.06, 1869.15, 1964.1, 2081.29, 2173.26, 2293.4, 2383.9, 2507,
        2544.1, 2566.4, 2591.6, 2698.8, 2784.7, 2938, 3000.1, 3114.5, 3211.5,
        3330.3, 3510.2,
    ],
    [
        828.01, 946.51, 1045.74, 1147.95, 1266.45, 1359.77, 1481.23, 1578.99,
        1707.86, 1743.4, 1935.96, 2047.8, 2159.63, 2255.91, 2384.8, 2473.7, 2599.6,
        2651.4, 2670.7, 2698.8, 2721, 2809.9, 2955.8, 3023.8, 3133.6, 3239.4,
        3353.7, 3532.1,
    ],
    [
        850.23, 973.16, 1072.41, 1180.53, 1130.152, 1399.76, 1519.74, 1635.28,
        1765.62, 1855.98, 2007.06, 2116.68, 2244.06, 2347, 2476.6, 2574.4, 2704.7,
        2740.3, 2764, 2784.7, 2809.9, 2821, 2977.9, 3046.7, 3155.7, 3261.4, 3377.1,
        3554.1,
    ],
    [
        870.48, 999.05, 1103.98, 1213.34, 1334.54, 1436.5, 1562.12, 1681.84,
        1810.41, 1910.91, 2079.38, 2194.66, 2329.15, 2432.6, 2571.5, 2672, 2808,
        2896.7, 2917.4, 2938, 2955.8, 2977.9, 3000.1, 3069.6, 3177.7, 3283.5,
        3400.5, 3576,
    ],
    [
        894.12, 1030.08, 1133.53, 1247.34, 1374.43, 1477.89, 1610.9, 1730.6,
        1873.96, 1965.59, 2157.71, 2283.33, 2423.73, 2533.1, 2675, 2778.4, 2920.3,
        2955.8, 2980.9, 3000.1, 3023.8, 3046.7, 3069.6, 3096.7, 3213.5, 3348.6,
        3468.3, 3602.8,
    ],
    [
        918.2, 1054.83, 1160.6, 1275.2, 1407.42, 1513.19, 1645.41, 1776.16, 1924.54,
        2014.16, 2225.71, 2357.93, 2503.38, 2617.96, 2761.9, 2872.1, 3019, 3070.5,
        3092.5, 3114.5, 3133.6, 3155.7, 3177.7, 3213.5, 3348.6, 3483.8, 3602.8,
        3737.4,
    ],
    [
        940.23, 1085.68, 1197.33, 1307.51, 1447.08, 1557.26, 1693.9, 1824.64,
        1987.72, 2083.21, 2310.92, 2450.49, 2603.27, 2719.33, 2872.1, 2982.3, 3141,
        3164.5, 3188, 3211.5, 3239.4, 3261.4, 3283.5, 3348.6, 3483.8, 3619.3,
        3741.7, 3879.7,
    ],
    [
        960.94, 1111.6, 1224.2, 1339.7, 1480.14, 1594.23, 1737.5, 1889.59, 2040.31,
        2135.4, 2388.44, 2477.64, 2692.62, 2822.79, 2976.33, 3091.87, 3246.87,
        3308.32, 3330.27, 3353.71, 3377.1, 3400.5, 3422.6, 3554.1, 3679.1, 3816.3,
        3950.2, 4093.4,
    ],
    [
        988.72, 1145.23, 1262.22, 1374.83, 1525.52, 1638.06, 1737.5, 1962.84, 2109,
        2204.1, 2477.64, 2477.64, 2800.85, 2925.23, 3093.27, 3217.68, 3382.94,
        3460.54, 3480.46, 3510.23, 3532.15, 3554.14, 3576.09, 3619.31, 3741.65,
        3879.68, 4013.45, 4159.1,
    ],
];

/*[352.03, 377.29, 391.91, 421.42, 432.76, 461.41, 471.37, 497.91, 587.52, 587.52, 580.55, 604.88, 629.11, 650.17, 673.8,	693.2,	734.9, 761.7,	784.8,	802.6,	828,	850.2,	870.5,	894.1,	918.2,	940.2,	960.9,	988.7],
  [377.29, 402.55, 421.42, 446.01, 480.49	507.55	522.88	574.4	587.52	642.9	656.54	685.42	698.34	743.49	764.9	790.4	824.2	853.9	878.2	921.2	946.5	973.2	999.1	1030.1	1054.8	1085.7	1111.6	1145.2],
  [391.91, 421.42, 446.01, 496.86, 534.59	560.05	574.4	621.22	664.42	693.65	705.18	752.29	797.67	814.22	857.6	911.4	937.2	947.6	998.4	1017.7	1045.7	1072.4	1104	1133.5	1160.6	1197.3	1224.2	1262.2],
  [421.42, 446.01, 496.86, 528.00, 560.05	609.38	652.44	675.85	713.64	761.32	805.49	822.2	863.89	909.04	927.7	978.6	996.7	1041.3	1074	1120	1148	1180.5	1213.3	1247.3	1275.2	1307.5	1339.7	1374.8],
  [432.76, 480.49, 534.59, 560.05, 607.78	665.07	703.94	747.65	787.46	813.62	872.36	898.19	934.62	985.79	1027.9	1075.7	1088.9	1138	1186.8	1232.8	1266.5	1300.5	1334.5	1374.4	1407.4	1447.1	1480.1	1525.5],
  [461.41, 507.55, 560.05, 609.38, 66507	717.56	749.21	799.15	832.07	882.83	919.47	966.58	1008.37	1053.52	1096.6	1142.9	1170.8	1236.2	1277.3	1327.7	1359.8	1399.8	1436.5	1477.9	1513.2	1557.3	1594.2	1638.1],
  [471.37, 522.88, 574.40, 652.44, 703.94	749.21	799.15	844.42	882.83	955.11	995.46	1063.85	1104.69	1151.35	1195.2	1240.1	1282.3	1331.4	1373.7	1441.9	1481.2	1519.7	1562.1	1610.9	1645.4	1693.9	1737.5	1806.3],
  [497.91, 574.40, 621.22, 675.85, 747.65	799.15	844.42	924.02	955.11	1030.47	1063.85	1144.4	1178.44	1226.6	1286.4	1337.2	1374.6	1446	1483.5	1536.9	1579	1635.3	1681.8	1730.6	1776.2	1824.6	1889.6	1962.8],
  [587.52, 587.52, 664.42, 713.64, 787.46	832.07	882.83	955.11	1030.47	1076.61	1144.4	1215.83	1249.18	1318.4	1344.6	1431.3	1465.3	1542.7	1581.4	1658.5	1707.9	1765.6	1810.4	1874	1924.5	1987.7	2040.3	2109],
  [587.52, 642.90, 693.65, 761.32, 81362	882.83	955.11	1030.47	1076.61	1158.13	1211.26	1282.7	1318.4	1390.65	1402.9	1479.1	1569.5	1636.4	1673.3	1743.1	1743.4	1856	1910.9	1965.6	2014.2	2083.2	2135.4	2204.1],
  [580.55, 656.54, 705.18, 805.49, 872.36	919.47	995.46	1063.85	1144.4	1211.26	1252.31	1361.73	1413.23	1483.96	1494	1600.1	1661.7	1730.1	1797.9	1869.2	1936	2007.1	2079.4	2157.7	2225.7	2310.9	2388.4	2477.6],
  [604.88, 685.42, 752.29, 822.2,	898.19	966.58	1063.85	1144.4	1215.83	1282.7	1361.73	1427.08	1492.99	1560.71	1576.2	1685.3	1739	1822.4	1884	1964.1	2047.8	2116.7	2194.7	2283.3	2357.9	2450.5	2463	2632.6],
  [629.11, 698.34, 797.67, 863.89,	934.62	1008.37	1104.69	1178.44	1249.18	1318.4	1413.23	1492.99	1560.71	1632.96	1670.3	1788.4	1849.1	1928	1987.8	2081.3	2159.6	2244.1	2329.2	2423.7	2503.4	2603.3	2692.6	2800.8],
  [650.17, 743.49, 814.12, 909.04,	985.79	1053.52	1151.35	1226.6	1318.4	1390.65	1483.96	1560.71	1632.96	1730.78	1788.4	1882.5	1941.4	2018.7	2105	2173.3	2255.9	2347	2432.6	2533.1	2618	2719.3	2822.8	2925.2],
  [673.81, 764.94, 857.58, 927.66,	1027.9	1096.62	1195.23	1286.36	1344.63	1402.9	1494.03	1576.21	1670.33	1788.35	1882.5	1949.7	2075.2	2111	2201.5	2293.4	2384.8	2476.6	2571.5	2675	2761.9	2872.1	2976.3	3093.3],
  [693.23, 790.35, 911.36, 978.59, 	1075.7	1142.94	1240.05	1337.16	1431.29	1479.09	1600.11	1685.27	1788.35	1882.48	1949.7	2048.3	2137.7	2231.5	2291.9	2383.9	2473.7	2574.4	2672	2778.4	2872.1	2982.3	3091.9	3217.7],
  [734.89, 824.15, 937.21, 996.71,	1088.94	1170.76	1282.33	1374.57	1465.32	1569.45	1661.68	1739.04	1849.13	1941.36	2075.2	2137.7	2231.5	2299.9	2382.4	2507	2599.6	2704.7	2808	2920.3	3019	3141	3246.9	3382.9],
  [761.66, 853.9,	947.62,	1041.34,	1138.04	1236.22	1331.43	1445.97	1542.67	1636.39	1730.12	1822.35	1927.97	2018.71	2111	2231.5	2299.9	2332.6	2432.9	2544.1	2651.4	2740.3	2896.7	2955.8	3070.5	3164.5	3286.4	3460.5],
  [784.75, 878.2,	998.37,	1074.02,	1186.76	1277.15	1373.68	1483.45	1581.36	1673.34	1797.94	1883.99	1987.83	2105.02	2201.5	2291.9	2382.4	2432.9	2455.1	2566.4	2670.7	2764	2917.4	2980.9	3092.5	3188	3308.3	3480.9],
  [802.55, 921.22, 1017.65, 1120.01,	1232.75	1327.69	1441.91	1536.86	1658.51	1743.06	1869.15	1964.1	2081.29	2173.26	2293.4	2383.9	2507	2544.1	2566.4	2591.6	2698.8	2784.7	2938	3000.1	3114.5	3211.5	3330.3	3510.2],
  [828.01, 946.51, 1045.74, 1147.95,	1266.45	1359.77	1481.23	1578.99	1707.86	1743.4	1935.96	2047.8	2159.63	2255.91	2384.8	2473.7	2599.6	2651.4	2670.7	2698.8	2721	2809.9	2955.8	3023.8	3133.6	3239.4	3353.7	3532.1],
  [850.23, 973.16, 1072.41, 1180.53,	1130152	1399.76	1519.74	1635.28	1765.62	1855.98	2007.06	2116.68	2244.06	2347	2476.6	2574.4	2704.7	2740.3	2764	2784.7	2809.9	2821	2977.9	3046.7	3155.7	3261.4	3377.1	3554.1],
  [870.48, 999.05, 1103.98, 1213.34,	1334.54	1436.5	1562.12	1681.84	1810.41	1910.91	2079.38	2194.66	2329.15	2432.6	2571.5	2672	2808	2896.7	2917.4	2938	2955.8	2977.9	3000.1	3069.6	3177.7	3283.5	3400.5	3576],
  [894.12, 1030.08, 1133.53, 1247.34,	1374.43	1477.89	1610.9	1730.6	1873.96	1965.59	2157.71	2283.33	2423.73	2533.1	2675	2778.4	2920.3	2955.8	2980.9	3000.1	3023.8	3046.7	3069.6	3096.7	3213.5	3348.6	3468.3	3602.8],
  [918.2, 1054.83, 1160.6, 1275.2,	1407.42	1513.19	1645.41	1776.16	1924.54	2014.16	2225.71	2357.93	2503.38	2617.96	2761.9	2872.1	3019	3070.5	3092.5	3114.5	3133.6	3155.7	3177.7	3213.5	3348.6	3483.8	3602.8	3737.4],
  [940.23, 1085.68, 1197.33, 1307.51,	1447.08	1557.26	1693.9	1824.64	1987.72	2083.21	2310.92	2450.49	2603.27	2719.33	2872.1	2982.3	3141	3164.5	3188	3211.5	3239.4	3261.4	3283.5	3348.6	3483.8	3618.9	3737.4	3871.9],
  [960.91, 1111.56, 1224.17, 1339.72,	1480.12	1594.21	1737.54	1889.64	2040.29	2135.36	2388.39	2463.03	2692.6	2822.77	2976.3	3091.9	3246.9	3286.4	3308.3	3330.3	3353.7	3377.1	3400.5	3468.3	3602.8	3737.4	3871.9	4006.5],
  [988.7, 1145.20, 1262.21, 1374.82,	1525.47	1638.08	1806.28	1962.77	2109.03	2204.1	2477.6	2632.63	2800.83	2925.15	3093.3	3217.7	3382.9	3460.5	3480.9	3510.2	3532.1	3554.1	3576	3602.8	3737.4	3871.9	4006.5	4141.1],
  */
